835 2941
537 732
89 11
787 275
698 442
832 18
174 65
799 13
13 366
477 601
753 346
498 823
409 112
429 273
335 537
630 132
501 80
294 342
448 521
179 353
397 746
532 283
237 491
94 827
165 446
332 257
256 630
707 128
651 117
50 27
783 577
823 99
277 527
25 367
560 430
209 731
247 504
467 395
620 136
642 486
280 603
759 349
667 652
231 499
348 404
490 699
343 15
532 179
627 128
41 518
388 542
151 18
299 237
695 356
564 204
123 20
397 174
805 49
36 271
592 680
479 443
482 822
333 144
730 359
787 212
19 318
516 640
350 603
96 534
78 49
527 291
159 336
568 561
542 787
190 644
656 205
823 798
111 24
721 263
317 340
727 226
127 759
664 631
440 460
579 283
174 566
156 562
674 93
815 325
821 410
254 206
592 131
151 663
117 680
759 233
444 373
570 60
686 442
341 714
711 575
216 151
272 174
275 692
831 796
759 158
209 403
212 451
144 803
823 168
785 520
466 292
811 335
14 183
803 731
567 274
533 430
330 712
528 604
173 682
230 682
746 403
65 641
163 713
260 341
614 81
209 379
62 679
696 168
532 217
532 534
792 763
19 365
64 263
433 792
710 599
742 307
708 188
216 478
640 761
715 418
828 712
699 152
171 26
471 402
125 388
141 671
823 71
716 131
15 455
347 800
259 322
775 431
748 313
643 789
771 242
360 216
633 724
501 593
48 525
307 776
127 797
609 697
611 576
120 37
399 146
259 241
831 736
392 324
84 461
67 655
444 423
352 314
264 270
474 663
195 436
258 660
705 580
830 715
338 688
446 106
343 524
238 343
699 195
21 435
404 45
742 552
395 223
158 457
354 594
269 762
240 630
187 682
4 300
635 702
119 449
764 794
391 758
87 153
380 472
137 813
686 228
448 376
504 133
140 179
783 252
163 764
20 806
479 451
66 115
587 529
641 470
19 29
593 587
213 443
518 199
507 701
624 372
680 166
827 514
431 753
827 380
277 557
727 591
709 746
638 149
505 639
487 699
92 764
256 146
496 641
294 596
323 346
295 782
792 680
780 789
373 773
816 754
575 621
475 374
777 242
318 665
260 111
334 498
7 722
268 415
182 637
684 169
427 747
619 679
596 804
396 576
181 502
219 274
789 247
789 674
3 235
481 754
686 794
446 592
178 818
551 464
696 790
824 203
312 490
275 734
437 819
332 98
245 309
803 193
549 301
776 554
293 281
793 270
356 578
467 618
802 68
342 373
806 201
419 287
760 17
599 552
727 206
798 667
643 444
473 737
572 736
186 592
80 683
479 313
460 166
631 297
802 547
35 541
721 335
206 139
174 98
9 622
343 374
803 801
821 662
320 718
170 450
398 317
784 826
26 417
400 294
732 640
55 320
209 16
780 22
325 745
274 738
294 737
596 692
559 95
428 786
245 671
161 828
236 272
820 240
833 628
335 108
778 616
690 758
289 695
698 672
1 432
326 746
240 674
43 480
338 790
155 68
263 682
819 791
369 479
610 753
475 93
188 388
301 569
401 258
666 599
531 661
162 240
91 577
811 133
222 643
745 739
688 669
558 657
247 649
213 222
566 361
327 784
254 709
708 80
316 262
318 102
284 434
787 145
178 355
569 36
36 561
242 260
44 819
387 565
616 9
206 44
584 82
729 596
731 133
343 219
74 194
60 536
650 616
688 240
30 387
531 804
418 523
665 672
686 718
618 55
106 483
415 639
641 404
231 520
697 511
670 663
52 157
627 739
633 661
376 95
253 589
32 449
74 580
525 134
73 223
788 645
186 83
23 558
761 170
635 26
271 21
690 157
629 99
423 645
304 815
122 42
638 499
567 813
474 29
348 101
701 679
478 736
7 193
154 663
592 157
692 436
784 674
681 715
594 796
722 306
98 202
309 716
158 781
532 68
218 430
643 204
574 718
261 524
466 826
431 747
756 612
336 167
832 815
147 474
754 526
828 438
69 150
779 282
284 577
657 556
737 116
204 245
723 457
14 647
131 567
429 553
379 636
2 70
85 784
354 511
98 808
19 99
184 599
238 654
227 196
635 195
119 82
176 369
785 283
732 350
515 301
510 660
612 241
809 693
724 448
525 177
213 581
159 537
474 688
265 167
330 227
791 82
249 350
784 575
341 438
327 135
826 802
497 21
725 741
670 318
323 519
362 764
700 805
94 492
702 602
733 402
578 393
687 387
72 148
146 592
259 710
242 434
524 220
344 787
734 224
461 474
815 767
156 264
488 456
159 663
612 443
510 420
354 74
354 497
188 696
561 178
500 762
625 349
111 629
65 294
764 782
384 311
476 376
756 237
409 305
47 820
327 228
679 275
576 197
704 511
192 702
599 742
428 540
654 797
550 4
457 545
54 354
777 213
618 428
378 153
317 436
524 67
625 295
42 806
793 102
408 83
798 497
121 443
656 474
91 287
550 369
769 779
55 504
141 292
310 174
691 503
747 242
430 759
676 15
76 116
792 445
760 828
374 314
249 646
106 25
605 438
91 170
734 74
165 314
627 579
638 251
69 233
308 217
591 163
117 253
141 349
549 160
715 696
22 32
597 121
451 438
434 696
711 400
311 66
466 233
675 487
534 644
334 16
264 695
582 330
594 733
518 632
425 388
631 588
2 499
61 84
580 625
543 529
569 110
643 659
56 23
384 356
19 576
472 199
149 29
540 277
707 543
265 203
234 672
695 102
382 295
705 625
423 209
622 711
199 327
38 702
419 392
205 540
761 417
689 652
102 236
460 216
783 47
270 150
384 379
755 412
539 603
797 159
800 338
827 471
237 434
356 281
815 816
138 834
78 203
820 471
306 182
771 64
321 366
43 508
733 380
153 332
686 795
176 219
731 510
325 507
373 250
493 31
479 318
205 416
172 354
137 704
796 676
619 11
530 482
783 52
90 413
495 601
310 805
757 739
277 574
483 40
478 337
523 603
784 814
640 733
492 232
130 615
294 83
574 399
601 709
671 110
696 228
271 486
771 73
801 765
766 813
767 571
582 3
752 139
236 116
667 669
592 484
666 631
812 71
29 150
416 208
312 353
718 500
422 785
697 65
652 34
278 346
430 31
324 648
643 234
555 681
465 387
747 824
312 191
277 281
371 604
389 528
639 558
412 796
14 648
75 183
521 715
796 698
525 468
413 133
87 82
114 140
228 132
764 822
730 191
288 134
234 629
642 195
442 496
372 667
193 578
489 577
408 576
432 751
329 309
735 543
810 297
721 303
299 337
382 140
436 158
384 327
148 416
794 775
204 671
207 264
135 543
541 568
749 475
345 822
793 747
150 193
629 661
830 245
13 773
13 464
694 238
201 573
771 627
246 682
112 484
618 83
739 394
599 788
750 213
642 623
534 215
382 291
793 579
277 594
756 814
546 582
175 375
144 548
568 657
515 321
148 286
828 67
391 183
426 600
682 73
49 247
765 366
567 109
787 811
805 648
826 783
522 446
423 832
11 744
505 723
326 478
474 511
238 268
664 163
470 450
25 436
98 578
764 409
69 829
34 442
90 612
109 631
718 799
114 185
722 312
200 29
394 464
685 725
321 354
735 700
76 204
721 830
18 341
254 726
661 525
241 100
481 153
630 131
710 363
784 190
288 504
453 301
732 38
647 496
228 611
89 9
769 834
93 156
385 633
116 291
81 458
279 299
246 497
524 816
671 48
659 335
718 512
479 341
523 396
541 805
374 542
575 527
320 17
376 110
340 92
270 78
583 159
632 777
598 471
443 670
379 309
566 219
568 678
733 682
260 524
335 211
690 835
678 656
471 754
379 667
679 771
404 12
760 509
162 641
74 440
755 428
296 711
227 199
215 51
415 198
326 551
313 372
833 688
425 675
688 331
581 19
159 205
197 794
141 707
515 672
537 723
304 282
220 134
809 44
790 30
96 449
463 696
380 604
180 222
109 16
99 149
809 746
76 274
573 503
523 213
686 643
218 315
443 802
631 60
207 99
744 139
764 214
559 655
32 625
607 55
114 376
151 518
427 358
341 244
825 772
555 415
24 101
685 325
443 166
584 198
17 186
109 596
661 35
438 127
803 26
702 557
574 402
818 611
653 440
346 470
733 693
735 250
352 458
81 664
798 286
286 50
626 202
826 504
238 561
722 236
310 148
156 183
11 201
468 641
503 599
731 269
698 5
771 329
20 422
738 473
444 328
638 358
513 501
162 285
334 421
516 147
44 217
435 464
34 323
588 112
114 94
352 317
667 323
279 324
784 549
547 598
489 463
217 210
365 442
133 121
745 587
36 769
53 749
440 372
520 206
314 277
30 326
248 92
284 701
194 488
714 140
792 202
257 8
66 814
619 332
656 466
34 346
768 225
80 743
172 652
524 345
528 343
473 792
397 487
244 516
171 364
286 801
55 184
772 335
741 536
247 544
359 543
286 261
159 25
78 463
806 215
439 370
773 638
385 706
632 819
264 696
177 587
85 448
214 763
141 655
221 587
577 262
81 281
618 119
47 179
359 136
783 730
465 73
475 122
582 820
669 41
157 735
46 615
450 308
259 435
475 292
504 468
325 298
806 520
646 97
99 660
304 470
307 54
660 626
369 398
225 511
83 543
546 499
55 802
527 388
747 559
35 529
582 225
679 532
614 711
248 113
302 548
210 82
159 15
490 281
208 2
309 702
309 105
520 317
132 470
467 599
821 326
227 570
229 733
396 53
456 835
678 423
477 755
833 663
522 400
315 825
68 397
303 614
694 178
532 134
644 21
60 204
528 643
597 472
132 105
90 801
624 356
521 694
2 373
575 588
210 61
195 486
381 495
437 536
119 351
105 501
803 33
611 91
757 127
830 287
834 712
225 486
679 656
86 416
57 235
368 133
224 154
792 807
335 323
641 741
805 111
183 122
540 775
355 644
136 666
832 50
615 793
47 230
664 383
15 393
551 203
554 579
573 229
82 397
728 759
233 436
288 787
218 182
217 144
41 573
27 638
411 360
178 181
811 701
53 280
493 342
557 728
101 779
525 153
376 187
626 816
790 263
3 179
22 253
754 618
355 347
708 798
289 693
531 178
511 361
830 265
23 797
741 210
390 85
764 616
122 31
285 289
747 634
243 297
676 249
736 799
272 692
111 430
810 701
463 721
582 135
286 448
162 159
785 590
352 82
310 783
388 26
424 29
83 734
31 20
716 796
475 160
634 404
340 287
513 174
496 372
808 41
184 462
557 93
61 24
185 296
120 571
779 745
135 280
304 215
251 48
788 501
824 547
457 831
810 87
756 815
382 678
763 823
547 226
697 319
74 103
311 651
534 529
386 43
498 177
192 817
444 642
263 190
396 464
308 146
254 825
171 413
518 590
633 554
207 507
80 95
502 141
468 600
33 141
513 667
550 127
274 241
630 512
645 345
228 803
377 85
494 106
665 318
261 752
375 758
233 489
608 582
256 650
609 278
524 137
749 492
533 762
109 664
534 342
314 250
761 486
67 479
103 126
654 634
378 587
345 148
584 356
466 22
31 551
512 495
694 180
34 552
492 743
660 724
415 58
403 792
354 640
351 566
319 66
782 788
287 350
751 400
246 810
207 575
699 661
561 625
418 55
705 71
388 277
211 449
357 34
278 369
159 508
303 332
145 8
737 598
348 126
350 204
276 629
146 795
406 465
134 42
687 64
599 361
13 582
376 686
298 380
409 241
361 398
35 438
254 195
242 68
602 337
89 629
398 802
294 142
425 461
262 680
528 575
290 116
218 713
611 553
444 576
482 655
156 218
553 602
664 40
663 176
119 811
137 360
763 121
534 90
301 636
105 316
56 739
68 393
758 316
8 818
394 805
787 765
554 528
810 678
814 38
66 32
284 495
602 158
32 805
662 415
700 321
389 361
15 591
781 173
323 662
655 57
52 437
1 731
832 688
135 63
85 555
603 34
548 609
18 97
787 661
165 809
520 824
647 367
443 398
483 685
174 199
428 551
213 130
599 535
566 654
827 650
116 424
796 101
502 224
748 136
32 737
52 122
532 332
439 188
317 362
389 813
101 88
467 248
711 787
676 598
520 283
521 38
809 17
283 215
552 256
694 301
608 467
605 826
188 706
407 206
815 317
735 698
430 206
469 369
202 156
827 822
662 318
370 320
577 675
280 477
209 393
137 116
328 159
58 831
160 825
167 272
668 283
654 772
362 489
152 624
95 50
264 192
344 430
733 279
716 190
113 343
8 237
274 282
483 366
176 748
266 191
13 641
196 188
823 266
550 710
347 495
556 204
730 165
264 596
82 327
795 657
674 387
322 620
401 749
200 731
595 72
373 79
615 448
802 626
70 604
287 549
642 235
454 384
797 636
115 239
685 658
798 510
357 150
634 514
253 69
808 89
667 510
8 204
579 32
177 788
605 549
218 791
200 627
682 372
3 733
280 641
323 380
580 193
728 827
640 42
765 646
491 100
807 346
522 787
699 705
108 235
571 200
755 202
242 638
223 416
499 85
637 357
525 204
727 112
432 42
443 560
317 87
74 380
681 172
475 125
635 437
89 281
772 140
422 695
120 630
562 360
694 414
35 15
625 456
823 741
629 45
441 594
722 504
813 387
670 104
690 721
693 734
52 263
89 571
127 408
627 397
663 518
375 548
433 627
160 277
111 405
835 459
389 302
448 16
624 366
610 603
81 104
641 245
305 221
808 191
741 749
166 523
222 682
817 525
144 594
143 795
700 575
132 809
660 289
726 783
469 286
92 276
365 82
648 230
719 740
632 619
592 124
290 348
90 411
702 162
578 500
745 439
286 682
745 332
440 296
293 407
424 773
495 175
151 793
713 67
478 439
311 727
180 522
78 108
405 703
564 819
361 818
250 496
696 800
690 656
808 713
825 237
442 171
598 10
448 157
360 47
603 509
415 331
327 32
114 226
712 181
78 441
817 116
446 758
784 379
396 36
314 230
638 512
358 146
765 306
19 497
629 61
480 12
152 729
338 102
263 368
712 124
125 153
557 523
224 1
669 370
393 532
546 562
356 805
105 341
468 223
179 731
760 34
562 594
548 672
550 644
661 826
96 186
650 778
351 804
504 613
827 291
270 652
262 613
818 188
85 206
692 474
470 674
619 668
800 18
68 153
551 633
343 763
509 462
199 608
574 109
523 266
787 33
615 200
114 34
539 784
171 289
154 164
322 120
240 102
222 26
812 635
299 328
472 719
87 425
110 193
332 702
166 461
797 271
710 142
552 248
702 835
97 205
226 299
123 362
698 689
689 132
61 613
393 187
665 396
299 250
727 218
291 475
741 5
404 749
276 727
632 328
689 252
391 417
142 759
72 565
81 241
58 616
383 566
251 81
334 221
519 631
466 501
636 761
132 801
141 267
524 309
642 646
19 412
94 160
702 366
669 682
504 47
278 368
765 726
457 260
703 128
49 5
582 233
794 257
172 754
208 183
212 732
800 389
72 572
159 532
163 721
330 163
665 695
334 668
29 217
692 514
432 194
41 61
208 384
742 108
555 164
267 825
824 586
200 228
623 684
76 84
118 507
483 407
376 549
453 276
399 327
496 175
539 517
424 209
151 390
797 282
301 224
563 565
141 172
652 204
642 188
575 133
208 519
543 699
322 406
698 586
562 163
442 723
167 151
777 167
383 668
270 164
425 309
158 164
434 619
769 449
510 667
723 467
359 514
250 342
442 420
227 423
762 237
641 451
280 64
351 435
443 505
157 736
627 141
421 348
794 83
557 661
83 341
65 290
799 198
710 338
160 21
396 142
35 109
532 309
38 577
208 737
281 736
286 741
639 217
368 594
166 174
193 306
616 269
300 14
358 203
626 516
608 7
572 456
40 414
408 813
25 801
581 225
30 50
655 335
89 316
111 630
735 616
557 654
263 775
804 215
754 252
113 204
518 182
392 773
670 601
46 811
369 379
327 225
519 333
6 800
758 677
83 517
778 559
619 154
677 736
14 526
671 167
214 781
712 44
710 587
479 153
336 153
745 465
527 467
549 66
516 157
224 629
668 734
278 749
798 255
29 553
728 27
359 632
160 402
396 19
787 239
333 318
49 369
710 421
178 778
657 370
87 452
308 697
391 152
335 223
301 27
263 416
692 490
766 337
470 488
550 397
327 433
129 426
584 724
441 726
99 539
245 147
616 537
45 481
67 57
431 503
16 804
821 758
719 153
495 735
230 528
281 128
337 803
467 118
553 510
2 177
240 652
4 10
541 317
423 323
817 618
588 307
145 833
130 672
222 74
349 578
117 304
389 315
192 218
434 695
165 351
720 10
117 630
148 408
27 524
553 113
666 304
367 718
745 793
464 410
66 807
632 304
472 573
492 13
699 111
95 741
703 433
706 503
815 203
598 201
333 183
99 545
23 784
311 39
497 47
728 210
193 652
655 569
569 696
804 100
473 6
330 82
314 293
543 333
489 729
310 404
719 567
460 411
354 242
445 638
709 359
712 416
550 212
683 113
518 45
322 26
621 662
566 313
200 173
534 237
773 241
149 252
377 320
401 554
345 609
676 739
591 101
424 26
374 258
391 736
123 526
605 414
198 310
596 522
443 330
778 46
690 188
377 340
48 788
74 284
364 387
439 604
649 673
599 203
692 351
547 33
344 58
608 49
334 403
723 173
667 349
341 152
770 318
111 664
519 76
371 199
85 687
447 113
199 757
129 39
256 681
404 690
335 799
477 463
220 410
421 447
209 323
378 113
395 309
87 300
626 30
292 289
644 30
737 404
97 386
261 452
446 405
179 314
396 268
623 319
276 572
482 473
753 70
47 430
582 282
161 65
414 710
770 432
809 800
112 720
578 690
100 82
392 363
565 355
89 90
107 599
18 477
700 718
185 436
752 491
745 646
10 252
748 271
676 252
25 550
591 318
461 37
393 272
158 650
784 85
324 150
1 746
404 782
498 42
356 92
752 777
750 426
382 802
416 738
797 610
637 824
34 827
770 314
646 649
539 321
636 490
658 538
491 416
37 431
682 347
753 211
191 612
523 47
338 533
7 121
250 626
696 617
270 572
167 577
773 561
279 599
502 549
212 125
621 409
255 57
77 554
23 167
206 765
157 7
303 663
291 266
185 787
813 241
482 630
693 102
114 163
472 459
129 671
169 429
560 523
797 200
637 531
529 768
568 691
738 109
494 410
134 188
345 823
512 605
734 716
400 715
111 813
661 730
370 473
294 598
302 775
606 394
143 824
602 425
772 56
74 69
478 25
669 101
568 753
764 37
140 386
234 772
457 258
395 360
834 830
139 587
88 145
551 792
611 392
777 510
139 111
674 165
88 256
15 495
327 148
629 111
295 147
502 721
106 172
358 789
678 185
682 686
826 587
590 480
666 593
461 201
687 69
589 642
720 831
3 471
205 196
44 684
93 191
482 20
639 662
784 192
553 767
668 216
691 344
108 544
142 119
808 459
181 603
296 820
741 313
412 820
671 194
71 136
239 714
699 704
460 244
706 786
748 615
640 173
71 281
172 445
48 243
543 277
697 157
756 3
633 594
578 744
426 141
281 646
429 240
233 503
268 50
255 162
2 66
186 525
816 71
527 781
267 708
380 331
329 815
806 299
378 227
202 653
295 600
183 798
196 46
141 208
196 419
472 225
309 7
555 307
77 43
187 160
409 299
282 219
244 563
456 821
456 159
791 675
26 36
526 180
348 764
793 179
758 731
728 805
655 138
414 171
438 200
562 830
711 788
683 478
624 214
107 627
518 257
23 104
340 588
756 486
62 726
410 456
377 224
248 440
267 532
783 231
550 379
331 397
523 295
436 767
435 625
590 551
167 132
292 830
658 328
801 202
674 824
430 745
784 636
308 494
539 634
439 613
151 624
103 696
677 19
588 690
789 799
663 826
522 186
7 491
523 658
780 284
474 251
58 532
331 229
788 833
561 94
152 296
776 458
577 673
153 284
45 342
319 139
678 779
311 413
424 746
596 317
86 166
803 176
380 455
827 22
39 137
204 789
637 254
752 285
163 363
769 324
170 620
371 630
11 114
83 647
785 655
210 455
183 574
628 89
761 68
668 816
780 121
177 735
359 228
470 804
128 37
112 154
420 163
730 399
31 523
142 522
35 460
8 127
209 674
467 450
12 305
33 105
345 303
592 792
115 555
810 521
297 7
760 542
465 51
269 276
784 425
343 337
315 762
370 679
740 119
149 195
744 445
118 733
46 611
583 54
141 426
786 468
766 560
112 145
437 665
629 207
577 556
817 702
387 61
379 371
342 723
167 74
369 663
172 407
393 428
230 200
32 545
514 381
109 717
64 498
544 7
266 175
834 182
807 11
560 626
460 579
561 271
33 162
89 164
695 758
311 829
745 459
706 835
49 76
158 243
362 448
182 160
666 245
371 105
334 31
818 514
327 818
623 513
366 481
518 631
138 413
713 263
126 593
290 419
623 743
791 524
542 568
724 827
196 551
216 296
510 276
662 241
477 140
117 35
482 439
669 833
355 430
747 507
432 623
277 771
498 231
607 799
497 516
828 601
260 711
555 231
532 129
532 574
557 135
500 552
447 596
498 355
195 657
385 96
822 21
429 678
420 199
522 778
707 608
247 520
287 159
270 12
806 569
491 545
664 98
439 769
80 494
479 510
598 533
70 713
254 335
698 257
75 37
633 505
279 809
360 371
587 78
697 395
756 497
132 254
816 497
464 294
384 795
447 488
485 165
358 701
513 439
164 356
607 144
350 765
385 495
693 646
275 204
434 341
804 340
475 189
215 676
26 571
580 691
512 45
65 56
492 421
239 781
828 33
82 168
22 105
616 795
446 50
691 436
486 528
231 98
70 292
585 827
182 354
95 292
81 192
686 50
597 605
728 740
251 39
827 232
831 672
780 226
210 78
783 610
804 232
458 326
828 803
631 73
444 655
411 529
820 424
417 381
36 52
97 639
151 723
813 247
525 515
656 233
340 642
360 268
770 564
535 756
701 663
243 739
444 416
193 317
764 391
632 347
821 248
189 285
643 335
93 284
667 633
683 702
741 555
172 474
376 634
675 437
785 226
272 384
163 572
276 456
497 154
495 371
795 393
464 493
597 117
621 737
675 2
824 712
417 374
806 445
644 101
494 754
652 600
690 48
639 23
800 784
699 322
427 519
169 323
448 117
817 777
125 382
208 187
480 560
688 570
211 832
603 450
472 576
307 244
273 271
681 410
317 489
541 371
448 430
255 228
366 399
21 389
494 757
607 339
407 6
619 83
512 380
486 403
5 512
130 210
222 3
100 763
321 143
489 203
643 556
277 474
256 542
76 535
482 807
697 146
381 820
40 21
495 47
552 97
265 30
352 83
603 72
345 693
570 454
174 42
18 596
130 753
612 605
408 392
48 617
178 696
729 568
586 147
108 6
682 309
684 516
24 13
337 525
753 169
12 14
621 14
608 347
612 691
371 743
617 712
193 78
327 734
798 573
493 200
423 342
687 154
283 672
307 547
674 189
373 247
313 273
740 174
44 467
209 418
615 339
157 343
710 621
179 173
515 154
402 606
599 45
81 594
604 298
727 765
274 570
663 180
459 55
739 306
647 485
726 540
345 457
516 647
519 352
480 519
406 54
227 416
748 774
89 391
72 73
589 412
255 173
39 529
579 548
487 182
522 54
308 803
20 547
98 62
685 794
524 83
600 281
376 558
114 222
155 279
84 537
251 795
130 404
276 491
443 528
762 830
817 588
819 352
36 641
769 737
664 788
355 333
48 457
213 316
474 314
674 333
676 731
442 132
460 688
227 647
819 75
731 672
663 202
441 127
496 809
464 52
295 483
297 169
639 219
474 644
825 404
700 77
747 772
826 64
661 444
94 130
556 217
576 114
81 255
561 490
564 764
661 114
827 163
737 468
775 707
88 796
72 715
272 322
454 405
76 261
354 377
613 250
49 627
503 223
3 579
578 777
479 292
101 721
251 595
432 732
238 335
220 302
476 155
722 232
834 558
720 382
178 599
105 589
620 719
680 128
830 87
727 579
728 675
589 606
74 32
521 599
591 623
576 279
543 264
449 217
236 135
329 547
93 672
595 367
38 71
781 499
747 431
555 624
574 186
210 633
375 54
221 67
825 313
628 284
559 179
302 535
170 125
532 460
439 803
422 267
115 295
78 345
52 210
562 452
266 367
509 56
75 591
632 53
6 357
448 406
285 765
107 517
571 495
717 324
310 294
186 553
607 555
627 736
817 310
283 523
363 591
589 767
833 291
500 473
483 118
211 349
14 146
270 56
749 629
439 821
424 189
761 577
135 593
211 769
251 355
380 723
642 295
438 503
24 423
558 292
10 198
673 526
360 212
141 337
435 588
517 661
535 129
175 568
315 745
7 296
70 562
492 667
638 39
572 567
350 834
78 312
80 695
296 666
221 113
449 712
234 65
306 626
645 218
644 833
275 551
335 406
293 295
449 172
33 567
288 659
399 31
97 5
499 802
262 152
211 13
195 199
456 356
368 710
810 318
747 702
706 383
162 769
162 119
823 131
311 821
729 476
321 692
420 278
820 45
734 751
729 719
189 202
768 202
475 223
93 644
773 802
633 503
779 624
32 309
696 796
549 326
660 258
440 218
518 402
166 798
351 396
812 658
389 239
211 566
308 526
187 122
580 499
139 552
585 3
716 134
219 496
576 133
518 792
374 193
428 604
454 740
535 624
295 826
742 639
602 162
469 292
544 183
539 703
404 463
45 533
557 685
211 575
360 387
469 90
1 346
144 73
351 168
191 429
431 615
587 280
365 362
239 335
663 242
276 685
44 610
712 400
213 513
205 508
407 673
266 64
32 776
513 193
73 602
786 361
637 753
190 483
160 562
289 623
87 404
787 66
765 487
493 338
737 105
149 390
355 68
565 782
34 285
380 68
586 747
750 261
56 423
373 255
482 65
245 547
239 473
752 303
625 634
185 776
293 23
258 27
799 750
558 733
228 487
394 4
468 440
693 802
672 219
350 491
794 104
339 790
106 631
90 717
125 175
692 84
14 685
665 110
520 786
635 655
171 88
330 500
145 806
99 193
392 597
525 112
620 357
674 768
731 465
382 624
609 199
772 373
58 240
494 297
247 51
251 641
305 102
508 619
146 623
720 392
630 624
574 291
305 812
43 159
325 598
540 626
314 690
586 596
574 27
719 539
354 166
800 655
763 629
67 128
801 493
360 619
89 614
589 496
787 763
260 675
522 460
31 224
472 468
770 519
737 3
594 48
120 582
494 723
158 182
587 229
327 549
163 604
438 552
790 445
829 153
281 521
